0 0.507812
0.1 0.363281
0.2 0.383594
0.3 0.476562
0.4 0.489844
0.5 0.511719
0.6 0.48125
0.7 0.410156
0.8 0.401953
0.9 0.382812
1 0.425
1.1 0.523438
1.2 0.423828
1.3 0.328125
1.4 0.316406
1.5 0.511719
1.6 0.173437
1.7 0
1.8 0.0875
1.9 0
2 0
2.1 0
2.2 0
2.3 0
2.4 0
2.5 0
2.6 0
2.7 0
2.8 0
2.9 0
3 0
3.1 0
3.2 0
3.3 0
3.4 0
3.5 0
3.6 0
3.7 0
3.8 0
3.9 0
0 1
0.1 1
0.2 1
0.3 1
0.4 1
0.5 1
0.6 1
0.7 1
0.8 1
0.9 1
1 1
1.1 1
1.2 1
1.3 1
1.4 1
1.5 1
1.6 0.4
1.7 0
1.8 0.8
1.9 0
2 0
2.1 0
2.2 0
2.3 0
2.4 0
2.5 0
2.6 0
2.7 0
2.8 0
2.9 0
3 0
3.1 0
3.2 0
3.3 0
3.4 0
3.5 0
3.6 0
3.7 0
3.8 0
3.9 0
